vectorize_2 24 689760 100208.72 6.883 107.11
vectorize_1 24 689760 113299.29 6.088 107.11
simplified_float 24 689760 1443878.42 0.478 107.11
vectorize_2 72 6147360 820183.81 7.495 130.93
vectorize_1 72 6147360 931827.40 6.597 130.93
simplified_float 72 6147360 15031271.26 0.409 130.93
vectorize_2 216 55144800 7368724.75 7.484 141.52
vectorize_1 216 55144800 8377504.30 6.582 141.52
simplified_float 216 55144800 136929030.57 0.403 141.52
vectorize_2 648 495758880 64280650.80 7.712 145.45
vectorize_1 648 495758880 74768490.92 6.631 145.45
simplified_float 648 495758880 1236969028.00 0.401 145.45
vectorize_2 1944 4460196960 616990811.00 7.229 146.81
vectorize_1 1944 4460196960 693329099.00 6.433 146.81
simplified_float 1944 4460196960 8969005407.00 0.497 146.81
vectorize_2 5832 40136873760 5624870950.00 7.136 147.27
vectorize_1 5832 40136873760 6306935129.00 6.364 147.27
simplified_float 5832 40136873760 80754311796.00 0.497 147.27