stdc_optv_2_5_1_double 24 617700 652795.81 0.946 97.24
stdc_optv_2_4_double 24 689760 744520.17 0.926 97.24
simplified_double 24 689760 1055954.32 0.653 53.55
stdc_optv_2_5_1_double 72 5654700 5951556.77 0.950 297.24
stdc_optv_2_4_double 72 6147360 7369821.37 0.834 297.24
simplified_double 72 6147360 11218734.74 0.548 65.46
stdc_optv_2_5_1_double 216 51178500 52464229.20 0.975 897.24
stdc_optv_2_4_double 216 55144800 64712116.00 0.852 897.24
simplified_double 216 55144800 97323333.00 0.567 70.76
stdc_optv_2_5_1_double 648 461465100 430209788.00 1.073 2697.24
stdc_optv_2_4_double 648 495758880 511348447.00 0.970 2697.24
simplified_double 648 495758880 851181138.00 0.582 72.72
stdc_optv_2_5_1_double 1944 4155761700 3870647072.00 1.074 8097.24
stdc_optv_2_4_double 1944 4460196960 4582988777.00 0.973 8097.24
simplified_double 1944 4460196960 7664094546.00 0.582 73.40
stdc_optv_2_5_1_double 5832 37409582700 34784964219.00 1.075 24297.24
stdc_optv_2_4_double 5832 40136873760 41315503182.00 0.971 24297.24
simplified_double 5832 40136873760 68918355614.00 0.582 7