vectorize_5 24 785760 88277.71 8.901 233.30
vectorize_5 72 6988320 676142.88 10.336 692.74
vectorize_5 216 62644320 5782863.33 10.833 2071.02
vectorize_5 648 563047200 51362320.11 10.962 6205.88
vectorize_5 1944 5065169760 459468371.00 11.024 18610.45
vectorize_5 5832 45579762720 4136186345.00 11.020 55824.17
stdc_optv_2_5_1_double 24 617700 652795.81 0.946 97.24
stdc_optv_2_5_1_double 72 5654700 5951556.77 0.950 297.24
stdc_optv_2_5_1_double 216 51178500 52464229.20 0.975 897.24
stdc_optv_2_5_1_double 648 461465100 430209788.00 1.073 2697.24
stdc_optv_2_5_1_double 1944 4155761700 3870647072.00 1.074 8097.24
stdc_optv_2_5_1_double 5832 37409582700 34784964219.00 1.075 24297.24
simplified_float 24 689760 1443878.42 0.478 107.11
simplified_float 72 6147360 15031271.26 0.409 130.93
simplified_float 216 55144800 136929030.57 0.403 141.52
simplified_float 648 495758880 1236969028.00 0.401 145.45
simplified_float 1944 4460196960 8969005407.00 0.497 146.81
simplified_float 5832 40136873760 80754311796.00 0.497 147.27
simplified_double 24 689760 1055954.32 0.653 53.55
simplified_double 72 6147360 11218734.74 0.548 65.46
simplified_double 216 55144800 97323333.00 0.567 70.76
simplified_double 648 495758880 851181138.00 0.582 72.72
simplified_double 1944 4460196960 7664094546.00 0.582 73.40
simplified_double 5832 40136873760 68918355614.00 0.582 7