vectorize_3 24 689760 98074.22 7.033 204.80
vectorize_4 24 689760 95374.29 7.232 204.80
vectorize_2_5_1 24 689760 110062.80 6.267 97.24
vectorize_3 72 6147360 771206.81 7.971 609.37
vectorize_4 72 6147360 747957.90 8.219 609.37
vectorize_2_5_1 72 6147360 854756.10 7.192 297.24
vectorize_3 216 55144800 6519855.18 8.458 1823.09
vectorize_4 216 55144800 6299429.18 8.754 1823.09
vectorize_2_5_1 216 55144800 7439218.08 7.413 897.24
vectorize_3 648 495758880 57705201.53 8.591 5464.23
vectorize_4 648 495758880 56027351.18 8.849 5464.23
vectorize_2_5_1 648 495758880 66563505.00 7.448 2697.24
vectorize_3 1944 4460196960 517282317.00 8.622 16387.66
vectorize_4 1944 4460196960 504557672.00 8.840 16387.66
vectorize_2_5_1 1944 4460196960 599040226.00 7.446 8097.24
vectorize_3 5832 40136873760 4667460378.00 8.599 49157.95
vectorize_4 5832 40136873760 4530864332.00 8.859 49157.95
vectorize_2_5_1 5832 40136873760 5366400360.00 7.479 24297.24
vectorize_3 17496 361217167200 42289321569.00 8.542 147468.80
vectorize_4 17496 361217167200 41273650682.00 8.752 147468.80
vectorize_2_5_1 17496 361217167200 48400268940.00 7.463 72897.24
vectorize_3 52488 3250910414880 383373526965.00 8.480 442401.38
vectorize_4 52488 3250910414880 371548533268.00 8.750 442401.38
vectorize_2_5_1 52488 3250910414880 434967087923.00 7.474 218697.24
vectorize_3 157464 29258061464160 3450216383446.00 8.480 1327199.09
vectorize_4 157464 29258061464160 3379083138866.00 8.659 1327199.09
vectorize_2_5_1 157464 29258061464160 3925027915470.00 7.454 656097.24
