vectorize_4 24 689760 94812.12 7.275 204.80
vectorize_2 24 689760 100208.72 6.883 107.11
vectorize_2_5_1 24 689760 109315.21 6.310 97.24
vectorize_1 24 689760 113299.29 6.088 107.11
vectorize_4_double 24 689760 250259.39 2.756 102.40
vectorize_1_double 24 689760 280521.09 2.459 53.55
simplified_float 24 689760 1443878.42 0.478 107.11
vectorize_4 72 6147360 738444.75 8.325 609.37
vectorize_2 72 6147360 820183.81 7.495 130.93
vectorize_2_5_1 72 6147360 875417.39 7.022 297.24
vectorize_1 72 6147360 931827.40 6.597 130.93
vectorize_4_double 72 6147360 2145434.67 2.865 304.69
vectorize_1_double 72 6147360 2414685.87 2.546 65.46
simplified_float 72 6147360 15031271.26 0.409 130.93
vectorize_4 216 55144800 6353778.59 8.679 1823.09
vectorize_2 216 55144800 7368724.75 7.484 141.52
vectorize_2_5_1 216 55144800 7436750.32 7.415 897.24
vectorize_1 216 55144800 8377504.30 6.582 141.52
vectorize_4_double 216 55144800 18916284.46 2.915 911.54
vectorize_1_double 216 55144800 21770733.47 2.533 70.76
simplified_float 216 55144800 136929030.57 0.403 141.52
vectorize_4 648 495758880 55996002.59 8.853 5464.23
vectorize_2 648 495758880 64280650.80 7.712 145.45
vectorize_2_5_1 648 495758880 66837698.13 7.417 2697.24
vectorize_1 648 495758880 74768490.92 6.631 145.45
vectorize_4_double 648 495758880 170014270.00 2.916 2732.12
vectorize_1_double 648 495758880 193964097.60 2.556 72.72
simplified_float 648 495758880 1236969028.00 0.401 145.45
vectorize_4 1944 4460196960 503944172.00 8.851 16387.66
vectorize_2 1944 4460196960 616990811.00 7.229 146.81
vectorize_2_5_1 1944 4460196960 598872570.00 7.448 8097.24
vectorize_1 1944 4460196960 693329099.00 6.433 146.81
vectorize_4_double 1944 4460196960 1527901059.00 2.919 8193.83
vectorize_1_double 1944 4460196960 1818001142.00 2.453 73.40
simplified_float 1944 4460196960 8969005407.00 0.497 146.81
vectorize_4 5832 40136873760 4527861485.00 8.864 49157.95
vectorize_2 5832 40136873760 5624870950.00 7.136 147.27
vectorize_2_5_1 5832 40136873760 5342922315.00 7.512 24297.24
vectorize_1 5832 40136873760 6306935129.00 6.364 147.27
vectorize_4_double 5832 40136873760 13732567255.00 2.923 24578.97
vectorize_1_double 5832 40136873760 16727043744.00 2.400 73.63
simplified_float 5832 40136873760 80754311796.00 0.497 147.27